0.191651,100.179
0.214034,32.0837
0.246869,30.4101
0.277911,32.0841
0.31336,28.0113
0.341153,35.6352
0.367126,39.9452
0.40519,26.4371
0.428491,41.3238
0.452138,41.8945
0.474113,45.9185
0.493377,51.6669
0.5105,57.4388
0.531887,48.6167
0.551629,49.3137
0.56875,57.8402
0.591491,44.1724
0.612398,48.2755
0.635787,42.8253
0.660233,45.917
0.678008,48.8391
0.701942,43.1786
0.72292,45.6455
0.74546,44.6339
0.766802,47.8024
0.792923,37.4085
0.811519,53.8827
0.842174,32.6461
0.868583,38.9008
0.895607,36.9518
0.92783,30.4153
0.946361,54.4219
0.982025,28.4941
1.00282,47.6939
1.02863,38.3999
1.05396,39.3551
1.08653,30.6764
1.13473,20.96
1.16088,37.989
1.18662,38.4859
1.19811,91.9375
1.22783,32.6276
1.24844,49.0389
1.27639,35.7208
1.30188,39.0563
1.32614,40.8578
1.34635,50.3765
1.3765,32.6545
1.39907,45.6841
1.4188,49.0425
1.44298,41.4454
1.46258,51.0071
1.48953,37.131
1.51365,42.3758
1.53503,46.8386
1.56092,38.611
1.58285,44.8798
1.60594,43.0061
1.63263,37.6039
1.65179,52.2303
1.67531,42.1928
1.69448,52.8526
1.72057,38.4077
1.74489,41.1537
1.76881,41.6717
1.79507,37.8571
1.81336,56.1028
1.8409,35.4781
1.86042,52.2551
1.88517,39.8214
1.90797,44.1518
1.9253,57.4687
1.95265,36.6973
1.9761,43.1596
1.99531,51.8977
2.0256,32.5818
2.04431,53.4953
2.06725,43.8332
2.08826,47.5578
2.11359,39.828
2.13334,50.177
2.15541,44.9552
2.18071,41.0796
2.20601,38.167
2.22745,46.8328
2.24525,56.1706
2.27259,36.3852
2.29414,46.9133
2.3141,49.9565
2.33888,40.1371
2.36163,44.3247
2.3916,33.1715
2.41144,51.4321
2.44115,33.2924
2.46178,48.7878
2.48575,41.3354
2.50865,43.9015
2.52728,53.5018
2.55444,37.5772
2.57667,44.3692
2.59735,50.1837
2.62832,31.8426
2.64997,45.2996
2.67566,38.9706
2.69407,54.5048
2.7191,39.5337
2.74048,46.6637
2.75996,52.4798
2.79006,32.8967
2.81107,47.9799
2.83709,38.1857
2.85855,46.548
2.8781,51.3583
2.90476,37.3995
2.92652,46.1024
2.94496,54.1826
2.97531,33.0349
3.00213,36.9698
3.02295,48.4123
3.04588,44.5401
3.0657,49.0117
3.09047,40.3499
3.1124,46.4322
3.13996,35.8868
3.1595,53.367
3.1882,33.9418
3.20934,47.4445
3.23023,48.369
3.25796,35.6515
3.28384,38.9574
3.30944,38.9248
3.33064,48.4708
3.35664,37.3974
3.37896,45.8565
3.40852,33.6229
3.42699,56.3487
3.45512,34.2739
3.47785,44.4541
3.49817,49.694
3.5274,33.6764
3.54591,55.2934
3.57282,37.0008
3.59281,49.2541
3.61696,41.5162
3.6371,49.5481
3.66141,41.5762
3.68752,38.0119
3.711,42.4532
3.7315,49.0044
3.75716,38.7908
3.77671,52.2902
3.80663,32.8995
3.82627,51.4311
3.85638,33.0185
3.87842,45.8621
3.90705,34.6841
3.92464,58.0583
3.95162,36.6409
3.97136,51.7719
3.99474,42.1888
4.01647,46.5113
4.04085,40.4441
4.06124,50.3028
4.09099,33.0057
4.11388,43.6828
4.13975,38.8193
4.15936,54.7618
4.1867,34.7237
4.20934,45.0577
4.2279,53.7144
4.25492,36.5812
4.27976,41.2794
4.30718,35.6175
4.32573,53.6101
4.34926,42.8745
4.37102,45.6581
4.39816,37.4333
4.42191,41.3942
4.44329,47.3723
4.47722,29.3642
4.50011,43.6166
4.52203,45.2873
4.5438,46.1401
4.56866,40.2726
4.60641,26.7039
4.62722,48.2325
4.65472,35.7719
4.67562,48.287
4.70785,31.0173
4.72906,47.8819
4.75559,37.1435
4.77436,52.7831
4.79858,41.8046
4.82381,39.3575
4.85224,35.089
4.87666,41.1351
4.90075,41.4954
4.92695,38.2005
4.94994,43.9044
4.97248,43.8462
4.99481,45.2524
5.02508,33.4159
5.04652,46.4884
5.07764,31.6599
5.0995,45.6739
5.12383,41.4532
5.15058,37.1243
5.1752,40.8824
5.20178,37.4471
5.22762,39.1915
5.25362,37.8246
5.27831,41.3116
5.30707,34.1986
5.32929,46.3744
5.35953,32.523
5.38289,42.6316
5.40815,39.6284
5.43685,34.7916
5.46193,41.2196
5.48785,37.621
5.51906,31.9413
5.5452,38.9792
5.5705,38.6307
5.59932,35.128
5.62244,42.6288
5.64685,42.1465
5.67693,32.5006
5.70515,35.5338
5.72635,47.0885
5.75527,34.603
5.77912,42.6336
5.80693,35.3758
5.83093,42.1834
5.86129,32.9708
5.8876,37.5139
5.91544,36.0357
5.94104,39.155
5.96444,42.8218
5.99288,35.1901
6.02343,33.147
6.0507,36.224
6.08209,31.927
6.10924,36.6942
6.13616,37.0666
6.16068,40.7572
6.18673,38.2673
6.21379,37.3252
6.24205,35.1714
6.27379,31.4273
6.29834,40.8383
6.3246,38.2662
6.34866,41.1051
6.37417,39.4978
6.40245,35.1747
6.43203,34.0133
6.45784,38.6268
6.48538,36.1814
6.51285,36.6871
6.53623,42.4097
6.56413,36.4132
6.59354,34.082
6.62209,34.4446
6.65502,30.7798
6.68634,31.452
6.71944,30.2254
6.75054,32.1925
6.77713,38.2784
6.80859,32.055
6.84216,29.8181
6.87023,34.8452
6.90635,27.6794
6.93821,31.5047
6.97028,31.5817
7.00272,30.7134
7.0337,32.0786
7.06069,36.8377
7.09317,31.2552
7.12092,35.4592
7.15332,30.793
7.18935,28.0164
7.21379,40.2836
7.25109,27.1318
7.27959,34.5452
7.30607,37.5938
7.33852,30.9749
7.36574,36.7232
7.3952,34.1907
7.42442,33.842
7.45507,32.6079
7.48198,37.0749
7.51487,30.445
7.54087,38.5778
7.57066,33.6131
7.60324,31.0151
7.63571,30.5779
7.66783,32.3502
7.69311,38.4089
7.72158,34.4092
7.74697,40.3849
7.7737,36.4418
7.80309,34.2039
7.83073,36.2389
7.8548,41.3142
7.88523,32.8294
7.91571,33.2719
7.94053,39.7229
7.96757,36.6983
7.99646,34.7059
8.02011,42.407
8.05053,32.8033
8.08132,32.8497
8.11144,33.6225
8.14012,34.1066
8.16835,35.3206
8.19545,36.9003
8.22054,39.8352
8.24617,39.1336
8.27652,33.4104
8.30481,34.7661
8.33066,38.7494
8.35964,34.357
8.38546,38.9838
8.41301,36.3398
8.44535,31.3637
8.47149,37.4243
8.50523,29.7765
8.5342,34.6424
8.56222,35.7039
8.59169,34.0513
8.62113,33.8356
8.64863,36.7065
8.68064,30.7765
8.70532,40.5643
8.73443,34.1933
8.76561,32.5682
8.79434,34.909
8.82133,36.2985
8.85019,34.6433
8.88338,30.1893
8.91136,36.644
8.93789,37.215
8.97058,30.2769
9.00117,32.6412
9.03237,32
9.05828,39.2298
9.08758,33.8537
9.12009,31.0326
9.15157,31.4247
9.18222,32.8815
9.20791,38.5262
9.23854,32.6268
9.26596,36.3587
9.29454,35.897
9.3237,33.4882
9.35105,36.7406
9.38113,33.075
9.40428,43.3227
9.43093,37.5043
9.4557,40.4133
9.48947,29.5592
9.5188,34.8553
9.54863,33.0041
9.57535,37.3141
9.6059,32.6831
9.63343,36.4343
9.66098,36.976
9.68763,36.8223
9.71533,37.0438
9.74634,32.3561
9.77084,39.7122
9.80355,30.4303
9.82872,39.739
9.85764,34.7971
9.88279,39.5514
9.91802,28.4519
9.94537,36.9497
9.96979,40.2145
9.99717,36.4774
10.022,40.3302
10.0526,32.7029
10.0819,34.0899
10.1079,38.6307
10.1367,34.8058
10.1652,35.4981
10.1998,28.5454
10.2256,38.9804
10.2521,37.4672
10.2816,33.957
10.3048,42.8412
10.3314,37.6151
10.369,26.9507
10.3975,34.4885
10.4224,40.2169
10.4535,32.1074
10.4798,38.0294
10.5129,30.1955
10.5374,41.1351
10.5673,33.7674
10.5998,30.3972
10.6351,28.3374
10.6617,38.0753
10.6873,38.3805
10.7227,28.3991
10.7518,34.2105
10.7861,29.3271
10.8149,34.6157
10.8452,32.965
10.8736,35.5305
10.9021,34.675
10.9319,33.4632
10.9615,34.3005
10.9888,36.296
11.0197,32.5434
11.0473,36.7462
11.0824,27.9593
11.1108,35.4089
11.1393,35.3051
11.1711,31.1142
11.1979,37.8338
11.2221,40.8591
11.2548,30.5949
11.2786,42.0622
11.3125,29.4402
11.3405,35.9038
11.3706,33.315
11.3965,38.7954
11.4306,29.3187
11.4566,38.2668
11.486,33.7411
11.5118,39.0131
11.544,30.9995
11.5696,39.3452
11.5996,33.1196
11.6279,36.5061
11.6526,38.878
11.6809,35.5582
11.7095,36.4774
11.7341,38.4395
11.7589,41.6815
11.7863,35.4734
11.8081,46.5923
11.8562,20.8779
11.8862,33.2231
11.9084,44.7403
11.9467,26.2178
11.9743,36.5716
12.0053,31.6274
12.0383,30.5832
12.0647,37.9504
12.0927,36.2393
12.1243,31.1062
12.1505,38.2845
12.1771,38.1956
12.2029,38.1301
12.247,22.589
12.2733,38.3866
12.2983,39.6931
12.3257,36.9667
12.3559,32.7891
12.3825,38.0201
12.4139,31.5328
12.4396,39.1683
12.4823,23.4525
12.5122,32.9946
12.5376,39.426
12.561,43.095
12.6064,22.1644
12.6364,33.1835
12.6637,36.9106
12.6961,30.8925
12.7293,30.0345
12.7547,39.14
12.7775,44.2824
12.8048,36.1335
12.8293,40.6596
12.8541,40.4367
12.8745,49.4168
12.9049,32.577
12.9282,43.4977
12.9589,32.8351
12.9879,33.9031
13.0105,44.3299
13.0426,31.8216
13.0658,42.2211
13.0869,46.3736
13.1103,45.086
13.1383,34.3414
13.1602,46.856
13.1892,34.0592
13.2099,48.7617
13.235,39.0851
13.256,47.6125
13.2824,37.8793
13.306,42.8405
13.3302,40.9931
13.3555,39.5031
13.3801,41.1556
13.4062,37.8804
13.4387,30.9948
13.4658,37.292
13.4895,41.3968
13.5148,39.4143
13.5385,42.1237
13.5709,31.0486
13.597,38.386
13.6212,41.7196
13.6448,41.9935
13.6789,29.2675
13.7031,41.291
13.726,45.7338
13.7512,37.964
13.7711,50.5409
13.8011,33.5327
13.8257,41.437
13.8485,42.7258
13.8772,35.1495
13.9037,37.4143
13.9288,40.0636
13.9564,36.0092
13.9846,35.1915
14.0054,48.1395
14.0376,31.3151
14.0591,47.7739
14.0934,28.7593
14.1219,34.9565
14.1482,37.9869
14.1707,44.0226
14.1992,35.0708
14.2227,42.5303
14.2448,46.2877
14.2712,37.2166
14.2934,46.5603
14.3187,38.4758
14.3387,50.0396
14.3649,37.9727
14.389,41.8488
14.4133,41.6658
14.4392,38.4373
14.4637,40.6846
14.4888,39.9229
14.5127,41.8098
14.5356,43.7629
14.5553,50.0093
14.5878,30.822
14.6085,49.9076
14.6387,32.3154
14.6588,51.3075
14.6849,37.4513
14.7086,43.4913
14.7435,28.2359
14.7639,49.3477
14.7858,45.0454
14.8125,38.0496
14.8404,35.6606
14.8687,35.1453
14.8876,52.2159
14.9167,34.798
14.9377,47.0341
14.9608,43.7059
14.9846,41.7222
15.0041,51.2748
15.0367,30.7801
15.06,44.5746
15.0876,35.1967
15.1128,40.0775
15.1393,37.7368
15.1694,33.1105
15.1973,35.6938
15.2228,38.9764
15.2473,40.7553
15.2846,26.8676
15.3043,50.5428
15.337,30.9698
15.3606,41.6258
15.3977,26.9329
15.4296,31.5486
15.4561,37.5389
15.4803,41.4175
15.5051,40.2151
15.5333,35.6357
15.5626,34.7624
15.5867,40.7999
15.6117,40.2965
15.6458,29.2329
15.6711,39.039
15.6949,42.0528
15.7199,39.8826
15.7417,46.3899
15.7713,33.4733
15.7979,37.7648
15.8247,37.6007
15.8481,42.2009
15.8806,30.7715
15.9063,39.1718
15.9341,35.7622
15.9607,38.3443
15.9876,36.5469
16.0179,33.0131
16.0426,41.3832
16.074,31.6993
16.1006,36.9301
16.1304,33.5042
16.1588,35.6328
16.1848,38.0578
16.2068,45.9018
16.2398,30.2932
16.2657,38.2358
16.29,41.9084
16.3191,34.1673
16.3427,42.1539
16.3724,34.0925
16.4076,28.3077
16.4351,36.0887
16.4571,45.9233
16.4915,28.9024
16.5179,38.4473
16.5434,39.0361
16.5738,34.8319
16.6076,28.3447
16.6334,37.7508
16.6542,48.0644
16.6843,33.1196
16.7061,47.2818
16.7329,36.5676
16.7591,38.1884
16.7894,33.611
16.8122,42.7665
16.8338,46.3217
16.8633,33.9101
16.884,48.2791
16.9068,44.6016
16.9367,33.0902
16.9624,39.6711
16.9894,37.0469
17.0115,44.481
17.0337,44.6445
17.0634,33.7476
17.0865,43.7716
17.1193,30.7248
17.142,43.149
17.1708,34.7027
17.194,42.974
17.2223,35.3593
17.251,35.3399
17.278,37.2328
17.3088,32.4815
17.3332,40.7152
17.3601,37.144
17.3851,39.5444
17.4153,33.4391
17.4461,32.5118
17.4742,36.0922
17.5017,35.7627
17.5263,40.5979
17.5539,36.2855
17.5829,34.3909
17.6095,37.8165
17.6359,37.9221
17.6647,34.3704
17.6901,40.2781
17.7195,33.5195
17.7404,48.979
17.7695,33.8706
17.7958,38.0278
17.8194,41.7229
17.8428,42.6625
17.8713,35.7545
17.8948,42.1559
17.9191,41.1844
17.9449,38.2336
17.9673,44.704
17.9979,32.9454
18.0276,34.0566
18.0513,41.3354
18.0761,40.5376
18.1063,33.2686
18.1371,32.2168
